❌ Impossible, closest sort shown
[
  [ 99, 98, 97, 92, 88, 65 ],
  [ 98, 96, 92, 83, 64, 54 ],
  [ 95, 90, 77, 63, 52, 38 ],
  [ 88, 74, 62, 51, 30, 20 ],
  [ 67, 61, 49, 26, 18, 10 ],
  [ 59, 39, 26, 13, 3, 3 ]
]

❌ Impossible, closest sort shown
[
  [ 98, 98, 92, 81, 64, 53 ],
  [ 98, 86, 77, 59, 50, 35 ],
  [ 83, 77, 57, 49, 35, 28 ],
  [ 73, 56, 39, 33, 26, 13 ],
  [ 54, 37, 33, 22, 13, 4 ],
  [ 36, 28, 18, 12, 1, 0 ]
]

✔️ Sorted
[
  [ 99, 95, 91, 81, 73, 61 ],
  [ 91, 84, 80, 71, 60, 42 ],
  [ 82, 75, 68, 59, 42, 18 ],
  [ 73, 65, 55, 41, 16, 14 ],
  [ 63, 53, 34, 16, 13, 6 ],
  [ 44, 24, 14, 7, 6, 0 ]
]

✔️ Sorted
[
  [ 99, 94, 86, 74, 63, 56 ],
  [ 88, 83, 73, 62, 52, 36 ],
  [ 81, 71, 61, 50, 35, 24 ],
  [ 70, 59, 48, 29, 20, 10 ],
  [ 57, 40, 27, 19, 9, 6 ],
  [ 40, 27, 13, 8, 3, 1 ]
]

✔️ Sorted
[
  [ 99, 97, 89, 85, 78, 65 ],
  [ 96, 88, 81, 78, 60, 46 ],
  [ 85, 80, 76, 52, 45, 35 ],
  [ 78, 75, 52, 43, 32, 27 ],
  [ 71, 48, 41, 31, 26, 21 ],
  [ 48, 37, 31, 22, 14, 5 ]
]

❌ Impossible, closest sort shown
[
  [ 98, 98, 97, 88, 74, 54 ],
  [ 98, 96, 83, 73, 52, 41 ],
  [ 95, 79, 67, 50, 33, 20 ],
  [ 78, 66, 48, 29, 17, 9 ],
  [ 55, 46, 23, 16, 6, 0 ],
  [ 45, 23, 12, 5, 0, 0 ]
]

❌ Impossible, closest sort shown
[
  [ 93, 91, 79, 71, 64, 57 ],
  [ 87, 77, 66, 61, 52, 28 ],
  [ 73, 65, 60, 51, 23, 10 ],
  [ 65, 58, 40, 20, 10, 9 ],
  [ 57, 34, 19, 9, 3, 2 ],
  [ 30, 18, 9, 2, 0, 0 ]
]

❌ Impossible, closest sort shown
[
  [ 99, 97, 93, 83, 77, 51 ],
  [ 93, 90, 80, 73, 51, 36 ],
  [ 83, 78, 71, 51, 35, 10 ],
  [ 77, 63, 36, 27, 7, 5 ],
  [ 56, 36, 25, 6, 4, 3 ],
  [ 36, 14, 5, 3, 1, 1 ]
]

✔️ Sorted
[
  [ 98, 94, 83, 79, 67, 59 ],
  [ 89, 80, 78, 66, 58, 44 ],
  [ 80, 72, 65, 57, 42, 30 ],
  [ 71, 64, 56, 39, 29, 18 ],
  [ 60, 55, 37, 23, 16, 9 ],
  [ 48, 31, 22, 10, 9, 4 ]
]

✔️ Sorted
[
  [ 99, 97, 88, 81, 71, 63 ],
  [ 88, 86, 81, 68, 63, 51 ],
  [ 82, 79, 66, 58, 50, 38 ],
  [ 79, 64, 56, 48, 35, 11 ],
  [ 64, 54, 42, 15, 9, 3 ],
  [ 52, 41, 11, 5, 2, 0 ]
]

❌ Impossible, closest sort shown
[
  [ 98, 98, 94, 89, 87, 79 ],
  [ 94, 93, 88, 87, 79, 45 ],
  [ 91, 87, 84, 74, 44, 40 ],
  [ 87, 81, 68, 44, 39, 35 ],
  [ 80, 61, 43, 37, 30, 19 ],
  [ 49, 42, 35, 27, 12, 6 ]
]

❌ Impossible, closest sort shown
[
  [ 99, 91, 87, 74, 67, 54 ],
  [ 89, 80, 72, 63, 50, 40 ],
  [ 75, 70, 61, 49, 37, 23 ],
  [ 69, 61, 43, 31, 16, 7 ],
  [ 56, 43, 29, 12, 5, 2 ],
  [ 41, 27, 10, 5, 1, 1 ]
]

❌ Impossible, closest sort shown
[
  [ 95, 94, 94, 83, 78, 63 ],
  [ 94, 88, 83, 76, 60, 43 ],
  [ 87, 82, 75, 59, 39, 35 ],
  [ 80, 73, 55, 38, 34, 21 ],
  [ 69, 54, 36, 31, 19, 13 ],
  [ 45, 35, 24, 13, 10, 2 ]
]

✔️ Sorted
[
  [ 98, 96, 91, 82, 68, 56 ],
  [ 93, 90, 74, 66, 55, 32 ],
  [ 82, 73, 66, 54, 31, 19 ],
  [ 70, 65, 49, 28, 16, 12 ],
  [ 58, 41, 21, 16, 12, 10 ],
  [ 38, 19, 14, 10, 4, 3 ]
]

✔️ Sorted
[
  [ 94, 85, 81, 77, 71, 61 ],
  [ 84, 79, 74, 69, 57, 47 ],
  [ 79, 73, 69, 57, 46, 32 ],
  [ 71, 66, 57, 46, 31, 24 ],
  [ 65, 56, 39, 31, 14, 12 ],
  [ 56, 35, 26, 13, 1, 0 ]
]

❌ Impossible, closest sort shown
[
  [ 96, 94, 88, 81, 74, 60 ],
  [ 88, 88, 81, 71, 50, 40 ],
  [ 86, 78, 64, 48, 39, 23 ],
  [ 77, 63, 47, 33, 19, 11 ],
  [ 62, 46, 29, 14, 8, 6 ],
  [ 44, 26, 13, 7, 6, 5 ]
]

❌ Impossible, closest sort shown
[
  [ 96, 96, 95, 90, 78, 61 ],
  [ 95, 93, 89, 77, 57, 46 ],
  [ 91, 86, 75, 56, 43, 28 ],
  [ 84, 69, 49, 42, 27, 18 ],
  [ 65, 48, 36, 24, 18, 17 ],
  [ 47, 34, 23, 17, 8, 3 ]
]

✔️ Sorted
[
  [ 97, 95, 92, 76, 59, 47 ],
  [ 95, 91, 67, 58, 46, 39 ],
  [ 90, 64, 49, 44, 39, 23 ],
  [ 62, 49, 42, 38, 22, 16 ],
  [ 48, 41, 29, 16, 14, 10 ],
  [ 40, 25, 16, 13, 10, 0 ]
]

❌ Impossible, closest sort shown
[
  [ 99, 99, 90, 78, 61, 52 ],
  [ 99, 89, 73, 61, 48, 43 ],
  [ 78, 69, 60, 45, 42, 28 ],
  [ 68, 58, 45, 37, 28, 10 ],
  [ 56, 45, 34, 20, 10, 6 ],
  [ 44, 28, 15, 9, 5, 5 ]
]

✔️ Sorted
[
  [ 99, 97, 92, 86, 77, 63 ],
  [ 96, 87, 82, 74, 63, 34 ],
  [ 87, 80, 73, 59, 34, 25 ],
  [ 77, 73, 51, 31, 25, 19 ],
  [ 71, 44, 28, 24, 15, 14 ],
  [ 40, 25, 23, 15, 13, 12 ]
]

❌ Impossible, closest sort shown
[
  [ 99, 92, 81, 77, 69, 59 ],
  [ 88, 81, 73, 66, 51, 45 ],
  [ 80, 70, 64, 50, 42, 27 ],
  [ 69, 64, 50, 31, 24, 9 ],
  [ 63, 48, 29, 22, 7, 6 ],
  [ 45, 28, 13, 7, 3, 3 ]
]

✔️ Sorted
[
  [ 92, 90, 80, 74, 55, 47 ],
  [ 89, 77, 71, 54, 40, 29 ],
  [ 76, 62, 50, 38, 27, 16 ],
  [ 56, 49, 38, 24, 8, 5 ],
  [ 47, 35, 24, 7, 3, 1 ],
  [ 33, 23, 6, 2, 1, 0 ]
]

❌ Impossible, closest sort shown
[
  [ 90, 90, 88, 78, 70, 62 ],
  [ 89, 83, 76, 69, 61, 49 ],
  [ 79, 73, 68, 57, 49, 37 ],
  [ 70, 64, 56, 47, 20, 17 ],
  [ 63, 53, 39, 19, 12, 7 ],
  [ 52, 38, 19, 9, 4, 1 ]
]

❌ Impossible, closest sort shown
[
  [ 99, 94, 93, 87, 76, 63 ],
  [ 94, 93, 84, 73, 62, 39 ],
  [ 90, 82, 71, 59, 37, 21 ],
  [ 80, 71, 53, 36, 20, 9 ],
  [ 66, 47, 30, 18, 5, 4 ],
  [ 40, 27, 12, 4, 0, 0 ]
]

❌ Impossible, closest sort shown
[
  [ 99, 99, 95, 89, 65, 52 ],
  [ 97, 94, 81, 59, 51, 29 ],
  [ 94, 78, 57, 48, 28, 17 ],
  [ 69, 57, 46, 26, 16, 12 ],
  [ 55, 45, 20, 15, 9, 7 ],
  [ 41, 19, 14, 8, 3, 0 ]
]

❌ Impossible, closest sort shown
[
  [ 82, 81, 74, 72, 65, 54 ],
  [ 75, 73, 72, 64, 49, 34 ],
  [ 72, 69, 58, 45, 31, 20 ],
  [ 65, 58, 44, 25, 20, 11 ],
  [ 57, 43, 23, 19, 10, 6 ],
  [ 39, 20, 12, 10, 0, 0 ]
]

✔️ Sorted
[
  [ 97, 95, 91, 81, 76, 66 ],
  [ 91, 86, 80, 75, 66, 57 ],
  [ 85, 79, 74, 62, 46, 31 ],
  [ 79, 68, 62, 45, 31, 20 ],
  [ 68, 61, 38, 28, 17, 13 ],
  [ 58, 33, 27, 14, 7, 1 ]
]

❌ Impossible, closest sort shown
[
  [ 97, 97, 79, 75, 64, 55 ],
  [ 92, 77, 73, 64, 55, 43 ],
  [ 77, 69, 61, 51, 42, 35 ],
  [ 67, 58, 50, 40, 31, 22 ],
  [ 55, 48, 39, 25, 22, 13 ],
  [ 44, 37, 24, 19, 11, 10 ]
]

✔️ Sorted
[
  [ 92, 91, 88, 85, 77, 68 ],
  [ 88, 87, 84, 73, 65, 32 ],
  [ 85, 83, 73, 52, 32, 22 ],
  [ 80, 71, 42, 29, 20, 12 ],
  [ 70, 37, 27, 17, 11, 9 ],
  [ 35, 26, 14, 10, 7, 3 ]
]

✔️ Sorted
[
  [ 98, 97, 89, 81, 64, 59 ],
  [ 96, 87, 80, 63, 55, 40 ],
  [ 84, 80, 63, 50, 36, 28 ],
  [ 73, 62, 49, 34, 27, 14 ],
  [ 59, 48, 31, 24, 12, 7 ],
  [ 45, 29, 19, 11, 2, 1 ]
]

✔️ Sorted
[
  [ 98, 97, 82, 77, 69, 57 ],
  [ 92, 80, 76, 67, 54, 34 ],
  [ 80, 73, 66, 49, 34, 23 ],
  [ 72, 65, 45, 30, 19, 14 ],
  [ 59, 41, 24, 16, 13, 6 ],
  [ 39, 23, 15, 6, 4, 3 ]
]

✔️ Sorted
[
  [ 98, 97, 89, 86, 63, 53 ],
  [ 93, 89, 78, 58, 51, 35 ],
  [ 89, 78, 58, 48, 30, 21 ],
  [ 75, 58, 46, 29, 20, 15 ],
  [ 55, 44, 28, 17, 14, 8 ],
  [ 42, 21, 17, 8, 6, 3 ]
]

❌ Impossible, closest sort shown
[
  [ 98, 93, 86, 77, 66, 49 ],
  [ 90, 81, 77, 59, 46, 41 ],
  [ 79, 75, 58, 45, 38, 28 ],
  [ 67, 52, 42, 37, 14, 8 ],
  [ 52, 41, 33, 12, 7, 3 ],
  [ 41, 31, 11, 6, 2, 2 ]
]

✔️ Sorted
[
  [ 99, 96, 93, 85, 61, 45 ],
  [ 95, 89, 82, 59, 45, 35 ],
  [ 86, 71, 58, 44, 32, 26 ],
  [ 62, 58, 42, 31, 20, 16 ],
  [ 47, 40, 28, 18, 11, 8 ],
  [ 36, 28, 18, 11, 7, 3 ]
]

✔️ Sorted
[
  [ 99, 97, 92, 85, 76, 58 ],
  [ 97, 88, 84, 73, 56, 41 ],
  [ 87, 77, 73, 52, 38, 23 ],
  [ 76, 70, 51, 29, 15, 10 ],
  [ 62, 46, 27, 15, 9, 7 ],
  [ 44, 26, 14, 7, 6, 4 ]
]

✔️ Sorted
[
  [ 96, 93, 87, 78, 70, 43 ],
  [ 91, 80, 76, 70, 42, 24 ],
  [ 80, 75, 55, 40, 23, 10 ],
  [ 74, 54, 39, 19, 10, 7 ],
  [ 49, 34, 16, 10, 7, 3 ],
  [ 30, 11, 9, 5, 2, 0 ]
]

✔️ Sorted
[
  [ 99, 94, 92, 81, 67, 56 ],
  [ 93, 89, 79, 65, 54, 44 ],
  [ 84, 69, 60, 53, 43, 26 ],
  [ 67, 59, 53, 32, 23, 10 ],
  [ 58, 50, 31, 19, 9, 6 ],
  [ 48, 30, 15, 8, 5, 2 ]
]

❌ Impossible, closest sort shown
[
  [ 97, 97, 95, 81, 58, 48 ],
  [ 96, 83, 69, 56, 48, 37 ],
  [ 83, 64, 54, 48, 36, 32 ],
  [ 60, 52, 43, 36, 28, 18 ],
  [ 49, 43, 36, 22, 8, 5 ],
  [ 41, 35, 18, 7, 4, 0 ]
]

✔️ Sorted
[
  [ 96, 91, 88, 87, 78, 65 ],
  [ 89, 87, 86, 78, 64, 51 ],
  [ 87, 83, 75, 61, 51, 34 ],
  [ 80, 69, 59, 50, 32, 11 ],
  [ 66, 57, 47, 17, 8, 5 ],
  [ 52, 45, 12, 5, 1, 0 ]
]

✔️ Sorted
[
  [ 99, 97, 90, 86, 74, 62 ],
  [ 93, 89, 83, 71, 59, 35 ],
  [ 88, 78, 67, 51, 33, 25 ],
  [ 74, 66, 48, 31, 22, 18 ],
  [ 66, 41, 28, 19, 15, 11 ],
  [ 39, 26, 19, 13, 10, 4 ]
]

✔️ Sorted
[
  [ 99, 93, 86, 75, 61, 53 ],
  [ 87, 85, 75, 59, 49, 31 ],
  [ 79, 71, 59, 36, 29, 25 ],
  [ 68, 59, 35, 27, 21, 14 ],
  [ 54, 33, 26, 19, 13, 12 ],
  [ 32, 25, 18, 13, 7, 6 ]
]

✔️ Sorted
[
  [ 94, 88, 84, 76, 70, 65 ],
  [ 85, 81, 76, 69, 61, 52 ],
  [ 78, 75, 68, 60, 49, 34 ],
  [ 72, 67, 58, 44, 26, 22 ],
  [ 65, 57, 41, 25, 22, 11 ],
  [ 54, 37, 23, 19, 10, 1 ]
]

✔️ Sorted
[
  [ 95, 93, 84, 72, 65, 54 ],
  [ 92, 81, 71, 61, 51, 37 ],
  [ 76, 68, 60, 47, 37, 33 ],
  [ 66, 59, 45, 35, 32, 18 ],
  [ 57, 41, 34, 24, 17, 15 ],
  [ 38, 34, 20, 16, 14, 6 ]
]

❌ Impossible, closest sort shown
[
  [ 98, 98, 92, 83, 75, 64 ],
  [ 92, 86, 80, 73, 64, 43 ],
  [ 83, 77, 69, 54, 40, 25 ],
  [ 77, 67, 52, 40, 25, 13 ],
  [ 66, 50, 36, 18, 5, 4 ],
  [ 50, 28, 17, 5, 2, 0 ]
]

❌ Impossible, closest sort shown
[
  [ 99, 99, 96, 90, 72, 57 ],
  [ 97, 95, 90, 71, 56, 44 ],
  [ 91, 84, 68, 56, 42, 31 ],
  [ 81, 67, 55, 38, 26, 21 ],
  [ 61, 51, 37, 25, 21, 12 ],
  [ 45, 37, 23, 13, 8, 2 ]
]

✔️ Sorted
[
  [ 99, 94, 90, 83, 78, 59 ],
  [ 93, 86, 82, 74, 58, 48 ],
  [ 84, 81, 67, 55, 47, 24 ],
  [ 79, 65, 52, 43, 23, 18 ],
  [ 63, 52, 32, 22, 16, 12 ],
  [ 50, 28, 19, 15, 8, 7 ]
]

✔️ Sorted
[
  [ 99, 95, 86, 80, 72, 54 ],
  [ 95, 85, 78, 70, 54, 45 ],
  [ 81, 76, 66, 53, 44, 35 ],
  [ 74, 59, 49, 39, 32, 15 ],
  [ 55, 48, 37, 26, 14, 7 ],
  [ 47, 37, 24, 8, 6, 2 ]
]

❌ Impossible, closest sort shown
[
  [ 98, 98, 88, 78, 61, 53 ],
  [ 96, 85, 71, 59, 52, 42 ],
  [ 85, 71, 59, 48, 40, 31 ],
  [ 68, 56, 45, 39, 25, 19 ],
  [ 54, 44, 38, 25, 17, 12 ],
  [ 42, 32, 24, 15, 6, 3 ]
]

✔️ Sorted
[
  [ 96, 95, 87, 72, 68, 56 ],
  [ 94, 77, 70, 64, 53, 43 ],
  [ 75, 69, 63, 50, 42, 28 ],
  [ 68, 62, 48, 42, 28, 13 ],
  [ 57, 47, 39, 23, 10, 7 ],
  [ 44, 31, 19, 10, 5, 1 ]
]

❌ Impossible, closest sort shown
[
  [ 99, 99, 92, 90, 78, 64 ],
  [ 98, 92, 88, 77, 59, 44 ],
  [ 90, 85, 73, 57, 41, 33 ],
  [ 78, 73, 53, 41, 32, 30 ],
  [ 65, 51, 40, 32, 27, 15 ],
  [ 45, 39, 32, 25, 13, 12 ]
]

❌ Impossible, closest sort shown
[
  [ 97, 97, 93, 84, 80, 67 ],
  [ 96, 92, 84, 77, 58, 40 ],
  [ 85, 82, 74, 56, 36, 27 ],
  [ 80, 73, 54, 34, 27, 25 ],
  [ 70, 42, 31, 26, 22, 16 ],
  [ 40, 29, 25, 16, 1, 0 ]
]

❌ Impossible, closest sort shown
[
  [ 95, 95, 91, 77, 69, 62 ],
  [ 92, 84, 71, 68, 61, 46 ],
  [ 81, 70, 65, 58, 44, 33 ],
  [ 69, 65, 53, 39, 28, 15 ],
  [ 65, 50, 39, 27, 13, 4 ],
  [ 47, 38, 21, 9, 1, 0 ]
]

❌ Impossible, closest sort shown
[
  [ 94, 93, 81, 69, 66, 53 ],
  [ 84, 80, 68, 65, 50, 35 ],
  [ 70, 68, 62, 41, 33, 22 ],
  [ 66, 62, 40, 32, 20, 8 ],
  [ 53, 37, 32, 14, 7, 0 ],
  [ 36, 22, 14, 0, 0, 0 ]
]

✔️ Sorted
[
  [ 98, 97, 93, 78, 63, 45 ],
  [ 94, 86, 75, 61, 41, 27 ],
  [ 80, 73, 57, 38, 25, 20 ],
  [ 68, 52, 37, 24, 18, 11 ],
  [ 48, 32, 23, 14, 10, 7 ],
  [ 27, 22, 13, 7, 6, 2 ]
]

✔️ Sorted
[
  [ 96, 88, 80, 76, 66, 49 ],
  [ 88, 80, 73, 63, 41, 28 ],
  [ 79, 68, 56, 39, 25, 18 ],
  [ 67, 50, 33, 24, 18, 11 ],
  [ 49, 30, 22, 17, 6, 4 ],
  [ 28, 20, 14, 6, 3, 0 ]
]

❌ Impossible, closest sort shown
[
  [ 99, 98, 88, 84, 68, 45 ],
  [ 90, 86, 80, 67, 44, 38 ],
  [ 85, 79, 61, 44, 27, 13 ],
  [ 74, 51, 43, 25, 13, 9 ],
  [ 46, 40, 25, 13, 7, 2 ],
  [ 39, 15, 9, 3, 2, 2 ]
]

✔️ Sorted
[
  [ 99, 96, 88, 73, 66, 46 ],
  [ 92, 86, 69, 61, 44, 29 ],
  [ 75, 69, 53, 40, 24, 14 ],
  [ 68, 53, 37, 22, 13, 11 ],
  [ 48, 32, 22, 13, 11, 3 ],
  [ 31, 17, 11, 10, 1, 0 ]
]

✔️ Sorted
[
  [ 98, 97, 91, 78, 72, 56 ],
  [ 92, 90, 77, 70, 55, 42 ],
  [ 86, 76, 65, 55, 38, 27 ],
  [ 76, 65, 55, 38, 24, 15 ],
  [ 58, 54, 37, 19, 11, 3 ],
  [ 46, 34, 18, 5, 3, 0 ]
]

❌ Impossible, closest sort shown
[
  [ 98, 97, 89, 79, 59, 48 ],
  [ 96, 82, 74, 55, 44, 38 ],
  [ 80, 72, 52, 43, 35, 33 ],
  [ 60, 52, 42, 34, 30, 23 ],
  [ 51, 40, 33, 28, 21, 9 ],
  [ 39, 33, 27, 13, 8, 8 ]
]

✔️ Sorted
[
  [ 97, 96, 91, 75, 67, 40 ],
  [ 95, 88, 74, 67, 39, 33 ],
  [ 79, 74, 63, 39, 29, 20 ],
  [ 71, 62, 38, 29, 17, 5 ],
  [ 58, 38, 27, 14, 4, 2 ],
  [ 37, 24, 13, 4, 2, 1 ]
]

❌ Impossible, closest sort shown
[
  [ 94, 89, 86, 72, 58, 53 ],
  [ 89, 85, 72, 58, 51, 38 ],
  [ 78, 70, 56, 51, 37, 24 ],
  [ 66, 55, 50, 28, 19, 12 ],
  [ 54, 49, 27, 15, 12, 6 ],
  [ 44, 27, 14, 8, 5, 5 ]
]

✔️ Sorted
[
  [ 96, 92, 83, 82, 63, 55 ],
  [ 90, 83, 77, 63, 54, 39 ],
  [ 83, 75, 62, 54, 36, 23 ],
  [ 72, 60, 53, 34, 22, 17 ],
  [ 57, 50, 33, 19, 14, 9 ],
  [ 50, 29, 18, 11, 6, 1 ]
]

✔️ Sorted
[
  [ 99, 96, 93, 89, 80, 71 ],
  [ 95, 92, 87, 78, 70, 39 ],
  [ 90, 82, 78, 60, 38, 25 ],
  [ 81, 77, 55, 37, 23, 18 ],
  [ 74, 49, 36, 21, 13, 10 ],
  [ 44, 26, 19, 11, 3, 1 ]
]

✔️ Sorted
[
  [ 97, 93, 87, 82, 75, 69 ],
  [ 89, 87, 82, 73, 68, 53 ],
  [ 83, 81, 71, 68, 51, 38 ],
  [ 76, 70, 67, 49, 37, 18 ],
  [ 70, 63, 45, 32, 14, 11 ],
  [ 63, 40, 21, 13, 10, 7 ]
]

✔️ Sorted
[
  [ 94, 91, 87, 80, 72, 58 ],
  [ 91, 84, 80, 68, 55, 39 ],
  [ 80, 78, 64, 52, 36, 27 ],
  [ 74, 62, 51, 35, 26, 19 ],
  [ 61, 50, 35, 26, 15, 11 ],
  [ 49, 28, 25, 15, 10, 4 ]
]

✔️ Sorted
[
  [ 90, 76, 67, 63, 61, 42 ],
  [ 72, 66, 63, 54, 40, 28 ],
  [ 65, 61, 53, 38, 25, 20 ],
  [ 61, 49, 36, 24, 17, 9 ],
  [ 42, 34, 23, 16, 8, 6 ],
  [ 31, 21, 10, 7, 5, 0 ]
]

❌ Impossible, closest sort shown
[
  [ 98, 98, 96, 88, 83, 66 ],
  [ 98, 95, 87, 76, 64, 61 ],
  [ 89, 86, 73, 64, 59, 49 ],
  [ 85, 73, 64, 56, 34, 26 ],
  [ 67, 63, 55, 29, 16, 6 ],
  [ 61, 52, 26, 9, 4, 0 ]
]

❌ Impossible, closest sort shown
[
  [ 98, 98, 95, 87, 70, 49 ],
  [ 95, 93, 80, 66, 46, 18 ],
  [ 89, 77, 65, 38, 15, 8 ],
  [ 77, 60, 34, 10, 8, 7 ],
  [ 59, 31, 10, 7, 2, 2 ],
  [ 22, 9, 7, 2, 1, 1 ]
]

❌ Impossible, closest sort shown
[
  [ 92, 92, 85, 81, 77, 58 ],
  [ 86, 84, 81, 72, 56, 35 ],
  [ 83, 79, 68, 47, 34, 20 ],
  [ 78, 63, 41, 30, 20, 19 ],
  [ 63, 40, 28, 20, 18, 7 ],
  [ 40, 20, 19, 12, 4, 3 ]
]

❌ Impossible, closest sort shown
[
  [ 99, 99, 79, 76, 65, 55 ],
  [ 86, 79, 74, 64, 54, 32 ],
  [ 78, 68, 60, 49, 31, 28 ],
  [ 67, 60, 46, 30, 27, 20 ],
  [ 57, 37, 29, 26, 20, 16 ],
  [ 32, 28, 22, 18, 10, 3 ]
]

❌ Impossible, closest sort shown
[
  [ 99, 94, 90, 83, 73, 52 ],
  [ 91, 87, 83, 68, 50, 36 ],
  [ 84, 78, 66, 47, 33, 32 ],
  [ 75, 62, 41, 33, 30, 22 ],
  [ 52, 40, 33, 23, 19, 16 ],
  [ 38, 32, 22, 17, 10, 10 ]
]

✔️ Sorted
[
  [ 95, 93, 91, 82, 73, 60 ],
  [ 92, 87, 82, 72, 56, 48 ],
  [ 86, 76, 71, 55, 43, 38 ],
  [ 75, 64, 55, 42, 36, 20 ],
  [ 62, 53, 41, 26, 17, 14 ],
  [ 50, 40, 22, 16, 14, 3 ]
]

✔️ Sorted
[
  [ 97, 91, 90, 80, 70, 60 ],
  [ 91, 88, 73, 69, 55, 41 ],
  [ 84, 71, 68, 53, 41, 29 ],
  [ 71, 67, 53, 39, 23, 15 ],
  [ 64, 44, 39, 19, 13, 10 ],
  [ 42, 37, 18, 10, 8, 5 ]
]

❌ Impossible, closest sort shown
[
  [ 99, 97, 93, 89, 70, 60 ],
  [ 94, 93, 88, 70, 54, 39 ],
  [ 92, 84, 70, 51, 36, 24 ],
  [ 76, 69, 51, 35, 21, 12 ],
  [ 63, 43, 30, 19, 8, 1 ],
  [ 43, 27, 19, 6, 0, 0 ]
]

✔️ Sorted
[
  [ 96, 95, 91, 82, 72, 43 ],
  [ 92, 88, 78, 70, 41, 27 ],
  [ 83, 77, 61, 38, 25, 22 ],
  [ 76, 55, 36, 24, 20, 14 ],
  [ 54, 34, 22, 18, 12, 9 ],
  [ 30, 22, 15, 10, 2, 0 ]
]

✔️ Sorted
[
  [ 98, 93, 88, 83, 72, 57 ],
  [ 90, 84, 81, 72, 55, 36 ],
  [ 84, 76, 68, 50, 36, 24 ],
  [ 75, 63, 44, 30, 24, 6 ],
  [ 58, 42, 26, 20, 6, 1 ],
  [ 39, 26, 9, 3, 1, 0 ]
]

✔️ Sorted
[
  [ 86, 85, 74, 63, 53, 40 ],
  [ 81, 74, 61, 42, 39, 36 ],
  [ 65, 58, 41, 39, 34, 25 ],
  [ 53, 41, 38, 32, 23, 19 ],
  [ 40, 37, 31, 22, 18, 8 ],
  [ 36, 27, 20, 9, 6, 0 ]
]

✔️ Sorted
[
  [ 87, 84, 82, 75, 70, 58 ],
  [ 82, 79, 75, 68, 54, 46 ],
  [ 77, 74, 62, 53, 35, 33 ],
  [ 74, 62, 53, 34, 29, 10 ],
  [ 59, 49, 34, 24, 10, 8 ],
  [ 49, 34, 21, 9, 4, 1 ]
]

✔️ Sorted
[
  [ 98, 95, 89, 80, 70, 53 ],
  [ 92, 86, 80, 69, 53, 41 ],
  [ 83, 75, 68, 52, 40, 33 ],
  [ 72, 66, 49, 39, 28, 13 ],
  [ 66, 45, 38, 22, 12, 7 ],
  [ 43, 36, 13, 12, 5, 3 ]
]

❌ Impossible, closest sort shown
[
  [ 98, 98, 91, 87, 79, 55 ],
  [ 95, 89, 86, 73, 50, 32 ],
  [ 88, 83, 69, 47, 31, 11 ],
  [ 81, 68, 41, 30, 10, 3 ],
  [ 57, 40, 24, 10, 3, 1 ],
  [ 35, 13, 8, 2, 0, 0 ]
]

❌ Impossible, closest sort shown
[
  [ 98, 98, 91, 85, 65, 51 ],
  [ 93, 88, 80, 65, 51, 36 ],
  [ 86, 65, 64, 48, 34, 24 ],
  [ 65, 62, 45, 34, 19, 16 ],
  [ 53, 41, 33, 17, 15, 8 ],
  [ 41, 28, 17, 9, 5, 0 ]
]

✔️ Sorted
[
  [ 99, 82, 80, 73, 62, 55 ],
  [ 82, 79, 72, 59, 49, 31 ],
  [ 74, 65, 59, 40, 30, 23 ],
  [ 64, 59, 36, 27, 21, 16 ],
  [ 58, 36, 26, 19, 16, 8 ],
  [ 32, 26, 18, 11, 2, 1 ]
]

✔️ Sorted
[
  [ 98, 95, 91, 85, 81, 65 ],
  [ 93, 90, 85, 80, 65, 42 ],
  [ 86, 84, 75, 59, 27, 20 ],
  [ 84, 67, 57, 26, 20, 13 ],
  [ 66, 49, 24, 17, 13, 9 ],
  [ 45, 21, 15, 10, 4, 0 ]
]

✔️ Sorted
[
  [ 99, 98, 91, 77, 66, 58 ],
  [ 92, 90, 74, 65, 57, 50 ],
  [ 81, 70, 62, 56, 46, 29 ],
  [ 69, 62, 55, 46, 25, 16 ],
  [ 59, 55, 42, 21, 15, 10 ],
  [ 53, 32, 17, 11, 9, 0 ]
]

❌ Impossible, closest sort shown
[
  [ 93, 89, 89, 87, 74, 50 ],
  [ 89, 88, 87, 74, 49, 30 ],
  [ 88, 87, 73, 47, 29, 20 ],
  [ 76, 65, 44, 27, 17, 11 ],
  [ 51, 34, 26, 14, 11, 9 ],
  [ 31, 24, 14, 11, 6, 3 ]
]

❌ Impossible, closest sort shown
[
  [ 98, 97, 92, 83, 69, 52 ],
  [ 95, 88, 76, 68, 43, 27 ],
  [ 86, 75, 64, 43, 26, 22 ],
  [ 72, 58, 41, 23, 18, 13 ],
  [ 57, 33, 23, 18, 8, 4 ],
  [ 32, 22, 16, 8, 2, 2 ]
]

✔️ Sorted
[
  [ 99, 95, 88, 80, 74, 58 ],
  [ 89, 85, 79, 71, 57, 42 ],
  [ 83, 78, 65, 56, 39, 29 ],
  [ 78, 63, 51, 31, 26, 21 ],
  [ 62, 47, 31, 25, 21, 13 ],
  [ 45, 31, 24, 20, 9, 5 ]
]

❌ Impossible, closest sort shown
[
  [ 99, 93, 90, 88, 75, 65 ],
  [ 91, 88, 87, 68, 61, 41 ],
  [ 88, 85, 67, 51, 39, 28 ],
  [ 83, 67, 48, 35, 23, 20 ],
  [ 66, 46, 35, 22, 19, 4 ],
  [ 44, 30, 20, 14, 3, 3 ]
]

✔️ Sorted
[
  [ 99, 88, 79, 71, 64, 46 ],
  [ 80, 74, 70, 63, 42, 35 ],
  [ 72, 65, 63, 42, 32, 25 ],
  [ 65, 60, 39, 30, 24, 16 ],
  [ 54, 38, 29, 21, 16, 7 ],
  [ 36, 27, 17, 10, 7, 2 ]
]

✔️ Sorted
[
  [ 95, 93, 75, 59, 44, 34 ],
  [ 80, 66, 58, 37, 33, 25 ],
  [ 64, 49, 37, 33, 23, 20 ],
  [ 44, 36, 32, 23, 18, 11 ],
  [ 35, 31, 22, 15, 10, 4 ],
  [ 28, 21, 13, 6, 3, 0 ]
]

❌ Impossible, closest sort shown
[
  [ 99, 99, 86, 83, 64, 45 ],
  [ 99, 83, 67, 62, 41, 30 ],
  [ 83, 67, 54, 41, 29, 25 ],
  [ 65, 54, 39, 29, 24, 15 ],
  [ 53, 38, 28, 24, 8, 7 ],
  [ 34, 26, 18, 8, 6, 5 ]
]

✔️ Sorted
[
  [ 92, 86, 85, 69, 62, 56 ],
  [ 85, 80, 68, 61, 53, 33 ],
  [ 79, 67, 60, 47, 30, 22 ],
  [ 62, 59, 43, 26, 21, 14 ],
  [ 59, 43, 25, 20, 9, 5 ],
  [ 36, 24, 18, 9, 4, 1 ]
]

✔️ Sorted
[
  [ 95, 94, 91, 87, 80, 69 ],
  [ 93, 90, 86, 80, 69, 52 ],
  [ 87, 86, 78, 64, 46, 27 ],
  [ 82, 77, 64, 37, 27, 23 ],
  [ 69, 60, 36, 25, 19, 17 ],
  [ 57, 29, 23, 18, 17, 8 ]
]

❌ Impossible, closest sort shown
[
  [ 94, 93, 90, 85, 68, 54 ],
  [ 93, 87, 83, 63, 53, 41 ],
  [ 85, 83, 59, 52, 37, 28 ],
  [ 77, 58, 49, 36, 25, 13 ],
  [ 56, 48, 32, 19, 5, 4 ],
  [ 44, 30, 15, 4, 1, 1 ]
]

✔️ Sorted
[
  [ 98, 89, 83, 82, 72, 61 ],
  [ 88, 83, 82, 72, 60, 46 ],
  [ 82, 81, 72, 60, 41, 33 ],
  [ 75, 69, 59, 37, 33, 21 ],
  [ 61, 54, 35, 27, 20, 6 ],
  [ 51, 35, 23, 17, 4, 1 ]
]

✔️ Sorted
[
  [ 97, 95, 84, 81, 75, 58 ],
  [ 93, 83, 81, 72, 58, 41 ],
  [ 81, 78, 71, 56, 39, 20 ],
  [ 75, 66, 49, 37, 16, 9 ],
  [ 63, 47, 36, 13, 8, 5 ],
  [ 45, 22, 10, 7, 3, 2 ]
]

✔️ Sorted
[
  [ 98, 94, 92, 83, 75, 62 ],
  [ 92, 85, 82, 74, 61, 38 ],
  [ 85, 79, 70, 57, 33, 28 ],
  [ 75, 69, 54, 33, 28, 10 ],
  [ 67, 53, 31, 25, 10, 8 ],
  [ 44, 31, 12, 8, 5, 2 ]
]

❌ Impossible, closest sort shown
[
  [ 88, 80, 78, 73, 61, 45 ],
  [ 79, 76, 70, 60, 41, 31 ],
  [ 74, 69, 54, 40, 30, 22 ],
  [ 66, 52, 34, 28, 22, 13 ],
  [ 51, 34, 26, 19, 9, 2 ],
  [ 33, 24, 14, 6, 2, 2 ]
]

❌ Impossible, closest sort shown
[
  [ 99, 98, 96, 82, 71, 58 ],
  [ 97, 95, 81, 68, 55, 45 ],
  [ 92, 75, 63, 54, 41, 24 ],
  [ 73, 62, 50, 41, 23, 11 ],
  [ 59, 49, 41, 16, 9, 2 ],
  [ 45, 33, 14, 3, 1, 1 ]
]

❌ Impossible, closest sort shown
[
  [ 95, 95, 92, 84, 76, 71 ],
  [ 94, 88, 83, 76, 68, 61 ],
  [ 88, 82, 75, 65, 61, 52 ],
  [ 76, 73, 64, 60, 49, 18 ],
  [ 71, 63, 56, 39, 15, 11 ],
  [ 61, 54, 27, 14, 5, 0 ]
]

45 impossible cases.